5532837
5637894
5615098
5685560
5513623
5653787
5513503
5569037
5579639
5569464
5590540
5730415
5660189
5711256
5615098
5499341
5639488
5714333
5647075
5500885
5573836
5559793
5560935
5610818
5600451
5499341
5654407
5575057
5583777
5646459
5513623
5499341
5653010
5589821
5684467
5563495
5513503
5513503
5759716
5574943
5728745
5696478
5628715
5563533
5582575
5532837
5583891
5629449
5612349
5638814
5499341
5650850
5669100
5513623
5560301
5669100
5513503
5730415
5513503
5596387
5513623
5629449
5701984
5636147
5513623
5596603
5583663
5607403
5729859
5513623
5620939
5735179
5638271
5532837
5569605
5568606
5583663
5639488
5627954
5596387
5629017
5499341
5532837
5627954
5645500
5500885
5608739
5513503
5500885
5579223
5647985
5513503
5532837
5598263
5575057
5587096
5701984
5513503
5646459
5500885
5586890
5623173
5725300
5499341
5705359
5500885
5725300
5500885
5586684
5500885
5583663
5731613
5552342
5513623
5560301
5706154
5589246
5729859
5676213
5594712
5500885
5569037
5693836
5709328
5639351
5552342
5589821
5667028
5560301
5701984
5629017
5566212
5729859
5625297
5647386
5500885
5653787
5500885
5569605
5499341
5598263
5583663
5513623
5662377
5587259
5729859
5569037
5631691
5673603
5532837
5731951
5532837
5612527
5579639
5587259
5532837
5607403
5583777
5513623
5723046
5653787
5569464
5607403
5500885
5693833
5586890
5513503
5654407
5667028
5646459
5575077
5705532
5742308
5645174
5654407
5673603
5513503
5513623
5513503
5513623
5499341
5569605
5500885
5625297
5603726
5569037
5569605
5752924
5559793
5513623
5666578
5615098
5615691
5569605
5561721
5615098
5575077
5615098
5629289
5646459
5575057
5513623
5595617
5513623
5500885
5563533
5513503
5532837
5849451
5583663
5645500
5725300
5627954
5729859
5532837
5499341
5657759
5657949
5695019
5729859
5499341
5573836
5566936
5500885
5672637
5725300
5513623
5593338
5557267
5499341
5500885
5609054
5532837
5499341
5532837
5552342
5701984
5692355
5593338
5556713
5499341
5711686
5623701
5513503
5606341
5629449
5630052
5569037
5513623
5560935
5647115
5638660
5603726
5691972
5513503
5532837
5513503
5651589
5577654
5697103
5623222
5499341
5570373
5645174
5513623
5513623
5718322
5646610
5513503
5730415
5629017
5573836
5711707
5646459
5500885
5602009
5589821
5630256
5848454
5552342
5499341
5575057
5731951
5618221
5623222
5720191
5561721
5513623
5499341
5634173
5589821
5623222
5499341
5587259
5633576
5558053
5729859
5620939
5556713
5575077
5669100
5657264
5500885
5641259
5586513
5583663
5583663
5665146
5499341
5500885
5579639
5696478
5513503
5559793
5627818
5654338
5610818
5667028
5513503
5654407
5500885
5730415
5608691
5725300
5566936
5848454
5582575
5556888
5607800
5700494
5513623
5650122
5702282
5532837
5738016
5513623
5559793
5499341
5774899
5556888
5729962
5710072
5730415
5499341
5569605
5559383
5660189
5729994
5575077
5513623
5655716
5598263
5695182
5513623
5725180
5579223
5648429
5631809
5731089
5634649
5752058
5500885
5577654
5513503
5636147
5552342
5583663
5590540
5589821
5655278
5532837
5615098
5647115
5636147
5583777
5499341
5532837
5569605
5513623
5569605
5596603
5630052
5641056
5500885
5499341
5674937
5499341
5598263
5607936
5595617
5500885
5615098
5711256
5499341
5673603
5500885
5513623
5700494
5612459
5719892
5598263
5566212
5500885
5752058
5602009
5705964
5683458
5681914
5633292
5561721
5625297
5615098
5583891
5647115
5552342
5620939
5725300
5513623
5729859
5513623
5718322
5627874
5665134
5725300
5560935
5596978
5560301
5513623
5569037
5575057
5563533
5579022
5569605
5643928
5704982
5577654
5499341
5532837
5718322
5560301
5594712
5636005
5583663
5583891
5615691
5730415
5635337
5618221
5883274
5667028
5557267
5500885
5589821
5500885
5602884
5574743
5627936
5499341
5583777
5703127
5574579
5624428
5513623
5624428
5654407
5837767
5598263
5513503
5513623
5589246
5532837
5583777
5694294
5499341
5646459
5500885
5532837
5559793
5713109
5634649
5499341
5500885
5569605
5696575
5627874
5615098
5681418
5729994
5643543
5499341
5499341
5596603
5623173
5590540
5575077
5610818
5587259
5583777
5500885
5636615
5500885
5730415
5552342
5590676
5556888
5769570
5513503
5725300
5569464
5583891
5556888
5500885
5569037
5595617
5556888
5587096
5563533
5513503
5729962
5499341
5569472
5575077
5583891
5532837
5513503
5590676
5500885
5608213
5558053
5513623
5730415
5696830
5598263
5532837
5568606
5513623
5647115
5500885
5499341
5602884
5606364
5532837
5500885
5596387
5667028
5729859
5556888
5559383
5513503
5499341
5646459
5579022
5597205
5611141
5513623
5646459
5603726
5709743
5499341
5602884
5627936
5695671
5709021
5729962
5646459
5513503
5500885
5513623
5654221
5586513
5575057
5513623
5653787
5602009
5696478
5647115
5615098
5639488
5599706
5706154
5598263
5499341
5532837
5683739
5594051
5598263
5568606
5500885
5849451
5532837
5728175
5662377
5513623
5589821
5725180
5738016
5686249
5583891
5725180
5566212
5500885
5615098
5575057
5646459
5615098
5700494
5513503
5532837
5499341
5774899
5684203
5645500
5612527
5560301
5662360
5583891
5513623
5589246
5702503
5623222
5611141
5566212
5645174
5605124
5684320
5513623
5752058
5723093
5513623
5500885
5673853
5667028
5550936
5703127
5590676
5612527
5575057
5569037
5730415
5513503
5729859
5499341
5556888
5750344
5579639
5657264
5713579
5500885
5532837
5738191
5559383
5632994
5665134
5532837
5729859
5579223
5499341
5513623
5711707
5615098
5680443
5583663
5552342
5608213
5686545
5647985
5649284
5658334
5552342
5566212
5662377
5569464
5513623
5560301
5718322
5634843
5654407
5513623
5569037
5566212
5673603
5697531
5617913
5569605
5500885
5513623
5669796
5704440
5552515
5600058
5569605
5645276
5725300
5575077
5667028
5729859
5556888
5513623
5590540
5729859
5646459
5560301
5569037
5499341
5666987
5703115
5560301
5579639
5729994
5645174
5653010
5711978
5532837
5579223
5532837
5667028
5729859
5693833
5696830
5638271
5625297
5714333
5623078
5732745
5499341
5646459
5513623
5566212
5590676
5611141
5650850
5738270
5589246
5513623
5662377
5563533
5687592
5648429
5575077
5532837
5513503
5500885
5630452
5499341
5500885
5610027
5729994
5728756
5645500
5647115
5608213
5732018
5500885
5500885
5636164
5575077
5500885
5612459
5556713
5684320
5575057
5645500
5513623
5730415
5731951
5513623
5532837
5636147
5513503
5730415
5608213
5890951
5513623
5602884
5701581
5725300
5670357
5532837
5552342
5627874
5625297
5624428
5566936
5604339
5725180
5589821
5513623
5612459
5628693
5590540
5620157
5598263
5583663
5738016
5698718
5598263
5615098
5513623
5560935
5575057
5611644
5513623
5569605
5499341
5575057
5513623
5618221
5500885
5569464
5650850
5556713
5513623
5500885
5513503
5714333
5532837
5513503
5667028
5500885
5579223
5583663
5499341
5883274
5629279
5583777
5500885
5571291
5684468
5624428
5588512
5500885
5589821
5653787
5499341
5513623
5615098
5729859
5500885
5532837
5566936
5627954
5668648
5641325
5590540
5699486
5694294
5667028
5595617
5849451
5500885
5513503
5615098
5627936
5608213
5500885
5627874
5499341
5583891
5575057
5606364
5648429
5646459
5666578
5716802
5624081
5499341
5729859
5640101
5636147
5589246
5532837
5627936
5513503
5731951
5623078
5575077
5591552
5692137
5714333
5655250
5631358
5646459
5569037
5499341
5729859
5640865
5631691
5729859
5500885
5577654
5513503
5669100
5513623
5513503
5500885
5500885
5513503
5559755
5631172
5589565
5500885
5725300
5499341
5585760
5589246
5648429
5768030
5574705
5513503
5513503
5500885
5627936
5645500
5590540
5600451
5583891
5513503
5513623
5500885
5500885
5669100
5903055
5569605
5628715
5638271
5590540
5513623
5658234
5605124
5513503
5725300
5499341
5620209
5843673
5583663
5610818
5567703
5620209
5730415
5654068
5587259
5500885
5513623
5513623
5684144
5641056
5611644
5654407
5636647
5513503
5563495
5664657
5566212
5499341
5643642
5552342
5646459
5583777
5633673
5513623
5552342
5596978
5499341
5586684
5583891
5532837
5730415
5513503
5598200
5513503
5653010
5615701
5679067
5569605
5611141
5729962
5500885
5513623
5729962
5623078
5560935
5640701
5647115
5662377
5499341
5641259
5500885
5730415
5590540
5606364
5587259
5616589
5650850
5579223
5499341
5556888
5499341
5611644
5647985
5612967
5560935
5725180
5667028
5499341
5608213
5499341
5596387
5700134
5596387
5667028
5654407
5598263
5499341
5629017
5732748
5603726
5694852
5623078
5513623
5499341
5589565
5568606
5607786
5532837
5689360
5654221
5728756
5583663
5532837
5513503
5677110
5596603
5500885
5657264
5729962
5658334
5566212
5646459
5513623
5571003
5513503
5559793
5569037
5606364
5500885
5575057
5532837
5500885
5656490
5667028
5500885
5586684
5681237
5499341
5569037
5575077
5513623
5500885
5513503
5513623
5615098
5574579
5629017
5499341
5620209
5730415
5673738
5678796
5559383
5500885
5629017
5609538
5620939
5602009
5587259
5499341
5583891
5725300
5752058
5730415
5666578
5647115
5500885
5513623
5573836
5677662
5570373
5552515
5577654
5583777
5588512
5696575
5729962
5647346
5699240
5605124
5500885
5650850
5500885
5615098
5729994
5730415
5500885
5500885
5662377
5566785
5647115
5634173
5598263
5705334
5559383
5667028
5560935
5638271
5550936
5500885
5500885
5532837
5670190
5500885
5682613
5702282
5590540
5568606
5612349
5683455
5640701
5598263
5701980
5608739
5701077
5730958
5500885
5720906
5513503
5566936
5500885
5630052
5568606
5513623
5500885
5599706
5607936
5713109
5671562
5660189
5587259
5513623
5532837
5615098
5624081
5568606
5500885
5623078
5500885
5589821
5615579
5513623
5583663
5574743
5731951
5618221
5653787
5500885
5499341
5500885
5647784
5563533
5606520
5583777
5500885
5725180
5645500
5598263
5513623
5643545
5598263
5687015
5532837
5697103
5654407
5594712
5729859
5702503
5583663
5665134
5513503
5690699
5700053
5500885
5723185
5575057
5566936
5569037
5569037
5705359
5598263
5615098
5627856
5559793
5569037
5589246
5513623
5596017
5662377
5513503
5513503
5513623
5709328
5499341
5729859
5615098
5513623
5646459
5636147
5725300
5744091
5590540
5615098
5586890
5606364
5513623
5566212
5730415
5513503
5646459
5577654
5641259
5590540
5499341
5602009
5513503
5589565
5583777
5513503
5657264
5513623
5563495
5552342
5583777
5630838
5499341
5566212
5532837
5680443
5499341
5499341
5713650
5579223
5532837
5615098
5624081
5579639
5593481
5513503
5627874
5575077
5513623
5559793
5557267
5513623
5627936
5646459
5620209
5729994
5591365
5499341
5641339
5563533
5664657
5667028
5657995
5725180
5552342
5583777
5672637
5718924
5583891
5577654
5556713
5615098
5608739
5668648
5579223
5615098
5499341
5513503
5665134
5532837
5627954
5558053
5513503
5667028
5513623
5500885
5589565
5532837
5532837
5589246
5669796
5620209
5606364
5654485
5500885
5610818
5615098
5513503
5681348
5513503
5654407
5650005
5723304
5513623
5629449
5550936
5500885
5672478
5561721
5573836
5673603
5499341
5673603
5615098
5513623
5647346
5855815
5513503
5560301
5720637
5654407
5615098
5615098
5615098
5634173
5532837
5703127
5500885
5631172
5568606
5532837
5599706
5532837
5513503
5738270
5575077
5731613
5662377
5640701
5579022
5566785
5627936
5738016
5560935
5646459
5738016
5656490
5654485
5575057
5513503
5589821
5513623
5559383
5646459
5561721
5699194
5654407
5499341
5575077
5684144
5558053
5499341
5631358
5598263
5648429
5730415
5805818
5774899
5681237
5623078
5646054
5513623
5513623
5673603
5645024
5647115
5646459
5513503
5611141
5849451
5711707
5646459
5566936
5500885
5513503
5650128
5598200
5634173
5627936
5513503
5583891
5568606
5620209
5513623
5587841
5653010
5500885
5725300
5646459
5569464
5648429
5763672
5500885
5589246
5668648
5632994
5500885
5646459
5568606
5615098
5684468
5628693
5569464
5617913
5569605
5513623
5499341
5513503
5532837
5532837
5569605
5650850
5731951
5566785
5500885
5594500
5719415
5872338
5628693
5718322
5499341
5667028
5693117
5705359
5689838
5513503
5678920
5532837
5532837
5513623
5618221
5645500
5568606
5499341
5645500
5596603
5627936
5611141
5686064
5587259
5596387
5532837
5665134
5589246
5589821
5500885
5568606
5694294
5513503
5569037
5647115
5566785
5629449
5681237
5730415
5636147
5513623
5500885
5696830
5499341
5631957
5574943
5653787
5731951
5532837
5513623
5633673
5513623
5513503
5569464
5603726
5500885
5662377
5667028
5499341
5660189
5513503
5684468
5646459
5591552
5695914
5649722
5532837
5583663
5645174
5500885
5589821
5615098
5683739
5499341
5569464
5500885
5500885
5558053
5563533
5647115
5579022
5577654
5571291
5627954
5499341
5648429
5636147
5550936
5500885
5559793
5608213
5575077
5606952
5693833
5588512
5719892
5855816
5692355
5695182
5499341
5647115
5513623
5575057
5499341
5647115
5499341
5513503
5696478
5684144
5500885
5598263
5568606
5729859
5700494
5701984
5773064
5587096
5657759
5566785
5629279
5607800
5569605
5571003
5587096
5602060
5569037
5627856
5607013
5730415
5672312
5563533
5499341
5615098
5627818
5752058
5569037
5651382
5558053
5499341
5645500
5499341
5560301
5575057
5645500
5532837
5566936
5646459
5615098
5624428
5513503
5500885
5669100
5575057
5552342
5576271
5500885
5499341
5602884
5638271
5634173
5630838
5606355
5697095
5513623
5574743
5598263
5499341
5599706
5513503
5499341
5513503
5725300
5566936
5579022
5609423
5676270
5499341
5619371
5615098
5640101
5729859
5623078
5636147
5556888
5626545
5594051
5513623
5589821
5687516
5629017
5582575
5513503
5627954
5532837
5650275
5725300
5556713
5575057
5499341
5500885
5664657
5627954
5569037
5653787
5589821
5703127
5500885
5627936
5575057
5499341
5602208
5629394
5633576
5596387
5598263
5513623
5583777
5569037
5500885
5499341
5683817
5706754
5648429
5598263
5500885
5499341
5615098
5566212
5711707
5673603
5583891
5577654
5587096
5768030
5590540
5513503
5590676
5583663
5647784
5575057
5598263
5500885
5624428
5602884
5575057
5654407
5513503
5575077
5774899
5569605
5685560
5500885
5694852
5615579
5647386
5583663
5607013
5500885
5513623
5618221
5883274
5730415
5667028
5573836
5849451
5577654
5768030
5725180
5667028
5568606
5702282
5679504
5773064
5586488
5500885
5730415
5575077
5646459
5513503
5644986
5583777
5615098
5513623
5579223
5639488
5667903
5599375
5633609
5651626
5615098
5499341
5598263
5569464
5566785
5513623
5611141
5673603
5499341
5630452
5566936
5609054
5513503
5499341
5513503
5575057
5555795
5569605
5612459
5609924
5499341
5627874
5513623
5646459
5738016
5645174
5681742
5556713
5697103
5566212
5500885
5657995
5513623
5602009
5602884
5723046
5739122
5678055
5569037
5605124
5593481
5561721
5580551
5711256
5623222
5552342
5513503
5646459
5732296
5634843
5590793
5513623
5672637
5583777
5667028
5706160
5632994
5629017
5569605
5532837
5569605
5843673
5615098
5641056
5598263
5730415
5583777
5561721
5674055
5647115
5568606
5513503
5730415
5513623
5589821
5615701
5636147
5499341
5500885
5666987
5598263
5499341
5559383
5499341
5657995
5672637
5738016
5598263
5729859
5594712
5702135
5568606
5709888
5624428
5513503
5513623
5596603
5499341
5605124
5569037
5513623
5648429
5612459
5513503
5647346
5499341
5570373
5513503
5513503
5513623
5579022
5566785
5725300
5513623
5513623
5569037
5499341
5556713
5560301
5646459
5811228
5667028
5532837
5645500
5729994
5500885
5645500
5575057
5738016
5582575
5631809
5499341
5658334
5653787
5513503
5499341
5632994
5645174
5611644
5680443
5589821
5674055
5618221
5556888
5586684
5649434
5617943
5532837
5629017
5532837
5576271
5650850
5583891
5701984
5532837
5672637
5513623
5711707
5585760
5499341
5636731
5500885
5839697
5631172
5616807
5618221
5615098
5568606
5708891
5513623
5608739
5627954
5499341
5733355
5725300
5569037
5628715
5513503
5513503
5579639
5615098
5560301
5650850
5532837
5587259
5714883
5499341
5650850
5583663
5692351
5774117
5667028
5606364
5499341
5627818
5500885
5583663
5648429
5569605
5731951
5647115
5591552
5587259
5513503
5500885
5569605
5589821
5647115
5630052
5586684
5607800
5668099
5561721
5569037
5513503
5668648
5598263
5602595
5647346
5500885
5513623
5615098
5667231
5579223
5689083
5574579
5599159
5603502
5566212
5568606
5499341
5568606
5583777
5641259
5499341
5739122
5567703
5611141
5672637
5662360
5612933
5500885
5532837
5694294
5586488
5615098
5646459
5729994
5765321
5611141
5659515
5579223
5689525
5598200
5499341
5499341
5513623
5646459
5513503
5571003
5499341
5566785
5560301
5739270
5665134
5499341
5513503
5635337
5500885
5667695
5499341
5631809
5653787
5664657
5513503
5499341
5500885
5499341
5646054
5513503
5684468
5654407
5736950
5532837
5667028
5500885
5589821
5513623
5605124
5580551
5513623
5627954
5575077
5670427
5513503
5670357
5583663
5690951
5587259
5681001
5689507
5569464
5499341
5500885
5500885
5569037
5575077
5500885
5628119
5725180
5638073
5499341
5598263
5729859
5583891
5500885
5513503
5583663
5668099
5589821
5630052
5611141
5665134
5513503
5583777
5552515
5500885
5598263
5569037
5587259
5532837
5499341
5500885
5566936
5513503
5566212
5566212
5513623
5499341
5648429
5568606
5513623
5647115
5500885
5583891
5634843
5638271
5630256
5499341
5513503
5710172
5729859
5690234
5532837
5854916
5704607
5532837
5500885
5566936
5647784
5688274
5575077
5650128
5637894
5738016
5701984
5556713
5645500
5598263
5611141
5638271
5653787
5694161
5662377
5620939
5598263
5513623
5513503
5612933
5513503
5700115
5607786
5673603
5648429
5597006
5532837
5589246
5513503
5500885
5593338
5600451
5550936
5499341
5714261
5672637
5660189
5731951
5499341
5636147
5569037
5513623
5575057
5532837
5500885
5500885
5513623
5499341
5610818
5513503
5583663
5598263
5580551
5628260
5725300
5513623
5730415
5774899
5532837
5569464
5569464
5646459
5647115
5532837
5645500
5583777
5656490
5559383
5513623
5556713
5500885
5729859
5575077
5696478
5500885
5683677
5569037
5681237
5513623
5615098
5583777
5667028
5499341
5638271
5500885
5699745
5667231
5598263
5556888
5729962
5623222
5750344
5499341
5589821
5662377
5647985
5729859
5806227
5513503
5532837
5513623
5500885
5577654
5598263
5729994
5657949
5655250
5513623
5579639
5532837
5774899
5668648
5587259
5575077
5499341
5615098
5566936
5513503
5598263
5642318
5513623
5660189
5598263
5598263
5513623
5569605
5513623
5579022
5569037
5753060
5607936
5752058
5569037
5513503
5671601
5500885
5569464
5667028
5499341
5500885
5646459
5552342
5598263
5587259
5513503
5513503
5532837
5500885
5667028
5513623
5667028
5591552
5615579
5532837
5729994
5500885
5500885
5500885
5653404
5500885
5587096
5583777
5513503
5620209
5697103
5734476
5583777
5552515
5650850
5598263
5646459
5568606
5646610
5587259
5903055
5628260
5647115
5513503
5705532
5624428
5500885
5513503
5623078
5499341
5499341
5625297
5499341
5513623
5683677
5532837
5683697
5569605
5646459
5624081
5594051
5686919
5647386
5569037
5653787
5556888
5513503
5513623
5649434
5756813
5590793
5499341
5678637
5720637
5723185
5631358
5597006
5559793
5499341
5513503
5532837
5629017
5582575
5602009
5680443
5563533
5593338
5837767
5570911
5560301
5731951
5615098
5569037
5684468
5662600
5615579
5624867
5557267
5575057
5499341
5623078
5769570
5631172
5729994
5563495
5500885
5653787
5632994
5667028
5532837
5513503
5729994
5589246
5718322
5627954
5589565
5725180
5645500
5627954
5583663
5668147
5499341
5499341
5569037
5513503
5646459
5611141
5513623
5638271
5513623
5566936
5597205
5575057
5667028
5650850
5696604
5559383
5513623
5615098
5650850
5718322
5575077
5532837
5587096
5699816
5656490
5569037
5647784
5595617
5703115
5499341
5569037
5849451
5615098
5569037
5560935
5684082
5632001
5532837
5573836
5513623
5575057
5686562
5500885
5587259
5532837
5513623
5500885
5552342
5513623
5556713
5596603
5500885
5579223
5759716
5731951
5582575
5638271
5566785
5714333
5583663
5513623
5729859
5560301
5513503
5650850
5645500
5711707
5500885
5586684
5513503
5719892
5638814
5667028
5667028
5636005
5599706
5500885
5560935
5569605
5559793
5603726
5552342
5559793
5596978
5570965
5500885
5552342
5607013
5513623
5513623
5699486
5500885
5513503
5696830
5610818
5599706
5696478
5591365
5596603
5620939
5620209
5500885
5575077
5513623
5598263
5590793
5561721
5513623
5685177
5500885
5569464
5711707
5673603
5588512
5500885
5583663
5583663
5513623
5646459
5513503
5513503
5532837
5635337
5725300
5673603
5694161
5636147
5500885
5556888
5729859
5499341
5727293
5589246
5587259
5583891
5742308
5653787
5513503
5499341
5500885
5532837
5568606
5513503
5664657
5566212
5552342
5575057
5709328
5513503
5627954
5583663
5513623
5513623
5730415
5499341
5607403
5500885
5500885
5500885
5602884
5672312
5532837
5513503
5513503
5585760
5552515
5632001
5650850
5696478
5730958
5645500
5560935
5598263
5662377
5607403
5513623
5532837
5499341
5513503
5556713
5711707
5682608
5681237
5681237
5583777
5575057
5500885
5667231
5730415
5606364
5500885
5499341
5589821
5569605
5643543
5513623
5610027
5566212
5609924
5688402
5499341
5742437
5513503
5579223
5645500
5607013
5645500
5575077
5609054
5603502
5811228
5646459
5499341
5638369
5645500
5583891
5633673
5569037
5627936
5569605
5598263
5590540
5629279
5607800
5571003
5712537
5714333
5615098
5513623
5615579
5653603
5625297
5566936
5499341
5629449
5596603
5583663
5642481
5499341
5556888
5500885
5646459
5607786
5645500
5700494
5532837
5627874
5631358
5513503
5620939
5687516
5583891
5499341
5629017
5654407
5706754
5579807
5499341
5602884
5513503
5638814
5559755
5500885
5673603
5646459
5500885
5552342
5513503
5513623
5500885
5513623
5645944
5558053
5587259
5647115
5568606
5696478
5583777
5709328
5623222
5669100
5513503
5615098
5646459
5586684
5575077
5559793
5730415
5589821
5649284
5612527
5581695
5654407
5573836
5645500
5600451
5500885
5672637
5500885
5667903
5499341
5513503
5683739
5500885
5646459
5752058
5575057
5634173
5646459
5532837
5499341
5513623
5513623
5599706
5499341
5681519
5598263
5673603
5661303
5589821
5627856
5569037
5634649
5646459
5500885
5656490
5569037
5612349
5577654
5602009
5574579
5513503
5730415
5680443
5894038
5646459
5646459
5559793
5664657
5637894
5615098
5532837
5499341
5685560
5513623
5513503
5559793
5579639
5569464
5615098
5590540
5711256
5714333
5647075
5653787
5569037
5500885
5573836
5610818
5560935
5600451
5639488
5646459
5730415
5660189
5499341
5513623
5654407
5583777
5575057
5499341
5653010
5684467
5563495
5583891
5582575
5574943
5513503
5629449
5589821
5696478
5560301
5728745
5759716
5499341
5628715
5513503
5532837
5669100
5638814
5730415
5563533
5513623
5650850
5669100
5596387
5513503
5612349
5513503
5629449
5513623
5607403
5583663
5701984
5636147
5513623
5596603
5735179
5513623
5620939
5729859
5532837
5638271
5627954
5583663
5500885
5513503
5639488
5500885
5647985
5596387
5608739
5645500
5569605
5627954
5499341
5587096
5629017
5568606
5532837
5532837
5513503
5646459
5513503
5701984
5725300
5500885
5575057
5579223
5598263
5499341
5725300
5500885
5586890
5623173
5500885
5560301
5594712
5500885
5513623
5586684
5705359
5500885
5706154
5589246
5731613
5552342
5676213
5583663
5589821
5693836
5709328
5729859
5639351
5552342
5729859
5625297
5569037
5629017
5566212
5647386
5560301
5701984
5500885
5667028
5598263
5662377
5583663
5499341
5569605
5500885
5587259
5653787
5532837
5513623
5612527
5607403
5673603
5729859
5583777
5532837
5569037
5631691
5723046
5731951
5579639
5607403
5587259
5653787
5513623
5500885
5532837
5569464
5654407
5586890
5513503
5693833
5705532
5575077
5646459
5673603
5742308
5645174
5654407
5667028
5513623
5513503
5513503
5569605
5500885
5752924
5569605
5603726
5569037
5499341
5625297
5513623
5615098
5666578
5575077
5513623
5559793
5615691
5615098
5646459
5569605
5615098
5561721
5595617
5575057
5500885
5513623
5629289
5513623
5513503
5532837
5563533
5645500
5583663
5849451
5627954
5566936
5725300
5672637
5657759
5729859
5532837
5499341
5657949
5729859
5725300
5500885
5695019
5593338
5499341
5557267
5513623
5609054
5552342
5500885
5573836
5499341
5532837
5532837
5593338
5499341
5701984
5692355
5499341
5556713
5651589
5711686
5513503
5629449
5569037
5630052
5606341
5647115
5513623
5560935
5638660
5513503
5623701
5513503
5691972
5603726
5623222
5532837
5697103
5513623
5499341
5513623
5718322
5645174
5577654
5570373
5730415
5513503
5629017
5618221
5646459
5630256
5513623
5623222
5575057
5500885
5561721
5602009
5646610
5589821
5573836
5552342
5499341
5731951
5711707
5720191
5634173
5499341
5589821
5623222
5848454
5499341
5558053
5633576
5620939
5729859
5587259
5627818
5500885
5556713
5499341
5657264
5500885
5575077
5583663
5513503
5654338
5500885
5579639
5665146
5586513
5641259
5669100
5513503
5559793
5654407
5610818
5583663
5667028
5696478
5608691
5607800
5730415
5725300
5566936
5650122
5848454
5700494
5738016
5582575
5556888
5513623
5513623
5499341
5532837
5729962
5702282
5559793
5774899
5730415
5725180
5556888
5710072
5513623
5729994
5499341
5660189
5559383
5655716
5569605
5513623
5575077
5598263
5631809
5695182
5500885
5513503
5634649
5648429
5731089
5752058
5579223
5577654
5636147
5583663
5552342
5615098
5589821
5636147
5647115
5532837
5499341
5590540
5583777
5569605
5655278
5513623
5532837
5630052
5500885
5607936
5569605
5641056
5598263
5615098
5596603
5499341
5499341
5674937
5500885
5499341
5700494
5673603
5500885
5719892
5513623
5595617
5612459
5566212
5711256
5598263
5500885
5705964
5602009
5681914
5615098
5620939
5513623
5752058
5625297
5729859
5552342
5683458
5633292
5725300
5647115
5560935
5583891
5561721
5665134
5513623
5627874
5725300
5718322
5704982
5596978
5560301
5499341
5569037
5575057
5569605
5579022
5643928
5513623
5577654
5594712
5532837
5563533
5718322
5636005
5667028
5583663
5615691
5730415
5583891
5560301
5883274
5627936
5500885
5602884
5500885
5557267
5635337
5618221
5583777
5499341
5574743
5703127
5589821
5624428
5654407
5574579
5624428
5513503
5598263
5513623
5532837
5513623
5837767
5583777
5589246
5694294
5500885
5646459
5532837
5559793
5499341
5713109
5634649
5499341
5500885
5681418
5696575
5729994
5569605
5499341
5627874
5615098
5500885
5499341
5643543
5610818
5636615
5587259
5590540
5575077
5623173
5596603
5730415
5583777
5500885
5590676
5552342
5556888
5513503
5500885
5725300
5583891
5769570
5556888
5646459
5628693
5569464
5609054
5654407
5598263
5653787
5806227
5615701
5623078
5615098
5646938
5569037
5612933
5513623
5645080
5607936
5499341
5499341
5730415
5574943
5532837
5729859
5654485
5513623
5643928
5499341
5742488
5569605
5701984
5598263
5650128
5646459
5568606
5645500
5632994
5513623
5697531
5560301
5568606
5598263
5513623
5513623
5615098
5499341
5583663
5532837
5689525
5532837
5646459
5627874
5500885
5723093
5729859
5849451
5674055
5513503
5654407
5499341
5513623
5566936
5499341
5638814
5615098
5696830
5559755
5513503
5579639
5589821
5665146
5566936
5594712
5513623
5692946
5552342
5499341
5499341
5598263
5569037
5687058
5646459
5513623
5594051
5627954
5583663
5500885
5513623
5603726
5579223
5734261
5646459
5646459
5587259
5646459
5667231
5602884
5623222
5620209
5713109
5598263
5620209
5513623
5556888
5500885
5513623
5569037
5582575
5616807
5630256
5632994
5513623
5560935
5646459
5589821
5615098
5598263
5657264
5532837
5500885
5532837
5738016
5684468
5627936
5589246
5739341
5552342
5532837
5590540
5569037
5612967
5500885
5628715
5499341
5500885
5602009
5580551
5598263
5731951
5583777
5706754
5513503
5559383
5711707
5738016
5609054
5647115
5630045
5644452
5532837
5563533
5646459
5729859
5513623
5499341
5665848
5660189
5552342
5653657
5561721
5500885
5574579
5500885
5500885
5569605
5575077
5615579
5575057
5559793
5725300
5500885
5625297
5575057
5586684
5681237
5499341
5583891
5513503
5629017
5575077
5715790
5699200
5673603
5711707
5729859
5590540
5627954
5607786
5500885
5590540
5500885
6109913
5593481
5598263
5582575
5583663
5532837
5699923
5667028
5689525
5590676
5589246
5669100
5513503
5654407
5688046
5591552
5560301
5559793
5499341
5569472
5602884
5608213
5575057
5569605
5673853
5591365
5667028
5500885
5513623
5532837
5740279
5499341
5500885
5651589
5582575
5513623
5654407
5646459
5660189
5774899
5725180
5513503
5602009
5569037
5589821
5560935
5500885
5513503
5645500
5729859
5670190
5500885
5513623
5624428
5738016
5589821
5570965
5513623
5513503
5583777
5704440
5618221
5620209
5725246
5649284
5580551
5654407
5499341
5566936
5500885
5513503
5532837
5725300
5667028
5563495
5500885
5559793
5731951
5569464
5624428
5599706
5702172
5586488
5513623
5738270
5579223
5577654
5513623
5558053
5561721
5569037
5632994
5587259
5627874
5575057
5513503
5629279
5729859
5594051
5573836
5636005
5561721
5574743
5665134
5556713
5513623
5500885
5556888
5603609
5602884
5654407
5582575
5623078
5532837
5532837
5583663
5648429
5729859
5550936
5611141
5552342
5721785
5566936
5513623
5730415
5641266
5513623
5731951
5569037
5731951
5615579
5654407
5586684
5499341
5598263
5575057
5634843
5615098
5513503
5586890
5500885
5773064
5608739
5513623
5679321
5594051
5627874
5532837
5624428
5636647
5532837
5615098
5725180
5629449
5579223
5513503
5599159
5697103
5650128
5598263
5499341
5579639
5628119
5569037
5500885
5701077
5569605
5575077
5499341
5602009
5583663
5611141
5513623
5566212
5568606
5623078
5552342
5500885
5560301
5615579
5499341
5658334
5631358
5596603
5587259
5703115
5583663
5720637
5602009
5607403
5612459
5713109
5662377
5569605
5596603
5513503
5587259
5674937
5627936
5598263
5552342
5669909
5709743
5657264
5499341
5647115
5559793
5574579
5676463
5645500
5683817
5587259
5561721
5574743
5574579
5646459
5681742
5647115
5620939
5590540
5610432
5513503
5499341
5587096
5513623
5513503
5513623
5563533
5500885
5607800
5582575
5513623
5662377
5696575
5665848
5513623
5596387
5583891
5563533
5718322
5513503
5598263
5583891
5725300
5655716
5556713
5607013
5674055
5598263
5563533
5532837
5729303
5653787
5586684
5556888
5513503
5583663
5660189
5618221
5556713
5513623
5696830
5583891
5725180
5556888
5598263
5725300
5706223
5513623
5669100
5499341
5673451
5513503
5729859
5513503
5608739
5738016
5754949
5629017
5499341
5552342
5634173
5513503
5650850
5500885
5725180
5653010
5532837
5662377
5499341
5596603
5627936
5629612
5698814
5499341
5563495
5568606
5570965
5569464
5602595
5629449
5645024
5499341
5662324
5615098
5634173
5499341
5513623
5599706
5612527
5583891
5615098
5513503
5558053
5513503
5513623
5594712
5645500
5589565
5625722
5500885
5677662
5599159
5629449
5630052
5573836
5532837
5620209
5499341
5596603
5560301
5500885
5607403
5583777
5598263
5566936
5500885
5615098
5513503
5618221
5499341
5513623
5607013
5627874
5513623
5513623
5513503
5513623
5559755
5709328
5563533
5615261
5618221
5589821
5752058
5615098
5615098
5500885
5728175
5513623
5591552
5532837
5596017
5684468
5666578
5754211
5611644
5730415
5609054
5634843
5513503
5570373
5636147
5672912
5680443
5577654
5903055
5711707
5629394
5588173
5627954
5660189
5513623
5729859
5500885
5627874
5513623
5582575
5500885
5500885
5677636
5599706
5615098
5606364
5667028
5532837
5499341
5583777
5500885
5499341
5642318
5513623
5725300
5624804
5735529
5673603
5499341
5654407
5650128
5513623
5567703
5608213
5646459
5699658
5499341
5737544
5532837
5631358
5641056
5587259
5653404
5672637
5641056
5499341
5557267
5714333
5607403
5625297
5568606
5586890
5499341
5645024
5499341
5589565
5575077
5500885
5513623
5684351
5624804
5579807
5648429
5709888
5738270
5653010
5731951
5630052
5598263
5654407
5513503
5599706
5602884
5513623
5499341
5589246
5513503
5591365
5732748
5585760
5575057
5624428
5590676
5627936
5684468
5645500
5563533
5805818
5532837
5636005
5563533
5569037
5513623
5586488
5627856
5499341
5603609
5499341
5617913
5575077
5499341
5598263
5550936
5667028
5569037
5500885
5573836
5660189
5588173
5570373
5499341
5589821
5513623
5499341
5513503
5631358
5499341
5667028
5583891
5616807
5654407
5579022
5627954
5701984
5636147
5646459
5638271
5657225
5513623
5666987
5513623
5499341
5499341
5612967
5645500
5580551
5579639
5513623
5571697
5513503
5607936
5612459
5513503
5513503
5624428
5647346
5513503
5559793
5574579
5623173
5500885
5513623
5602884
5583663
5629289
5590793
5598263
5532837
5628693
5499341
5513503
5500885
5513623
5513623
5568606
5611644
5499341
5704464
5653787
5609054
5641325
5694294
5500885
5632994
5620209
5583891
5615098
5673603
5513623
5656490
5591365
5668836
5575077
5774899
5599706
5637894
5585760
5615098
5612349
5685560
5513503
5513623
5559793
5532837
5569464
5579639
5575057
5623078
5569037
5634858
5573836
5500885
5653787
5500885
5615098
5560935
5600451
5610818
5583777
5499341
5589246
5654407
5583777
5575057
5575057
5513623
5499341
5598263
5673583
5560301
5645500
5628260
5616807
5532837
5532837
5570373
5618221
5654407
5500885
5571003
5620209
5563533
5587259
5513503
5513503
5638271
5556888
5686464
5678637
5725180
5692946
5569605
5590540
5585760
5499341
5513623
5653787
5883274
5532837
5499341
5513503
5569472
5640101
5596603
5646459
5569037
5595840
5552342
5653787
5654407
5684468
5499341
5513623
5668648
5725180
5589821
5638828
5633673
5569037
5883274
5583891
5557267
5659796
5624428
5513503
5662377
5569605
5575077
5513623
5688046
5500885
5612967
5573836
5624428
5646459
5608213
5576271
5623222
5500885
5668147
5595617
5725300
5640865
5500885
5499341
5513623
5665134
5583777
5650128
5513623
5500885
5602009
5673603
5647115
5630838
5713109
5513503
5583777
5743220
5602884
5598263
5642318
5638073
5499341
5647115
5513623
5646459
5579223
5658334
5647985
5623078
5513503
5568606
5620939
5513623
5655250
5591552
5624081
5513503
5500885
5729994
5513623
5641259
5625297
5627874
5583777
5499341
5709328
5599706
5568606
5596387
5574943
5500885
5654407
5513623
5583891
5560301
5598263
5499341
5575057
5583777
5629449
5499341
5513503
5615579
5598263
5513503
5607800
5513623
5532837
5580551
5571003
5714344
5569605
5566936
5499341
5665134
5669100
5500885
5513503
5598263
5631172
5589821
5729859
5623222
5559793
5569037
5513503
5718322
5555795
5571697
5609924
5566785
5587259
5556888
5500885
5589821
5573836
5645500
5575057
5660434
5598263
5596603
5583663
5583663
5573836
5500885
5499341
5702282
5513623
5500885
5646459
5646459
5730415
5647346
5602884
5596603
5559383
5598263
5568606
5513623
5500885
5499341
5636147
5668021
5532837
5532837
5684717
5625297
5589246
5667028
5513623
5628260
5701077
5570911
5568606
5569464
5566212
5591552
5513503
5532837
5654407
5587259
5575057
5625722
5646610
5513623
5499341
5563533
5656490
5602009
5499341
5583777
5605124
5615691
5624867
5759716
5638271
5731893
5583777
5624081
5627936
5513623
5532837
5907029
5576271
5638073
5499341
5555795
5639488
5499341
5690492
5583891
5532837
5629017
5843673
5566212
5569037
5513623
5647985
5589821
5579639
5563495
5607403
5513623
5500885
5615098
5513623
5569037
5615098
5499341
5513503
5587841
5628119
5598263
5615098
5774899
5513503
5632994
5569037
5672637
5568606
5513503
5513623
5556888
5647115
5513503
5575077
5629449
5499341
5872338
5513623
5672637
5678487
5590540
5499341
5589821
5650128
5560301
5647115
5588512
5559793
5669855
5610027
5730415
5589821
5611644
5569037
5627936
5513503
5513503
5628260
5598263
5499341
5649722
5589821
5646934
5684351
5579639
5569037
5701984
5650850
5598263
5513623
5589565
5499341
5499341
5883274
5499341
5513503
5575077
5629017
5576271
5500885
5714333
5499341
5654407
5563533
5681001
5623078
5673603
5640865
5593338
5629017
5499341
5883239
5718322
5646459
5654407
5569605
5602884
5718322
5560935
5500885
5650850
5620209
5624428
5636147
5500885
5672637
5647115
5589821
5552342
5552342
5532837
5499341
5729859
5606355
5645500
5665146
5558053
5499341
5583777
5729962
5730415
5667028
5625297
5603502
5738016
5552342
5706169
5612933
5624804
5650850
5662360
5667903
5583663
5730415
5596387
5513623
5647346
5673853
5667028
5574579
5559793
5629449
5559383
5609924
5532837
5720637
5630256
5499341
5513503
5883274
5647346
5499341
5580551
5561721
5598263
5513503
5513623
5550936
5653603
5513503
5615098
5633673
5599706
5603726
5661303
5499341
5730958
5683431
5500885
5664657
5602060
5583891
5696802
5500885
5499341
5599706
5646459
5620939
5580551
5660189
5648429
5577654
5687595
5698134
5638271
5644452
5513503
5500885
5589821
5623078
5589821
5711707
5612527
5612967
5532837
5566212
5566936
5568606
5709328
5513623
5513623
5672478
5560301
5560935
5657225
5769570
5667028
5632994
5575057
5499341
5557267
5671601
5714333
5579639
5513623
5649722
5694294
5583891
5730415
5500885
5513503
5556888
5587096
5606364
5672478
5513503
5612933
5596603
5615098
5602884
5513503
5752058
5611141
5653787
5603726
5903055
5646459
5500885
5646459
5667028
5500885
5569037
5590540
5694852
5650850
5499341
5513503
5732748
5650850
5754949
5567703
5532837
5566212
5583663
5596017
5615098
5667903
5692946
5843673
5566936
5646459
5499341
5569605
5568606
5738016
5500885
5587096
5575365
5607786
5633576
5557267
5500885
5593338
5583663
5672637
5499341
5513623
5779872
5646459
5699194
5500885
5599706
5513623
5499341
5499341
5598263
5569605
5513623
5500885
5654407
5582575
5500885
5599706
5696614
5500885
5499341
5709888
5615098
5500885
5609538
5590540
5615691
5645500
5647386
5854916
5532837
5579639
5590540
5573836
5513623
5513623
5654407
5569464
5673583
5638369
5667028
5731951
5513623
5556713
5680297
5665785
5664657
5688637
5647115
5580551
5646459
5667028
5709385
5513623
5607013
5632001
5676213
5729962
5513503
5566212
5607786
5718322
5615691
5513623
5645500
5568606
5566936
5730415
5608213
5500885
5777045
5583891
5598263
5589821
5560301
5685857
5566212
5646459
5596603
5612459
5568606
5632001
5583777
5627936
5513623
5656490
5589821
5513623
5570373
5513623
5594712
5513503
5513623
5650850
5500885
5647115
5500885
5664046
5500885
5500885
5499341
5623078
5706530
5805818
5513503
5627954
5650122
5608213
5696604
5692946
5513503
5499341
5499341
5600908
5558053
5563495
5573836
5620209
5611644
5575057
5576271
5513623
5603726
5513503
5718129
5569605
5566212
5623222
5725300
5688637
5575057
5566936
5575365
5574743
5532837
5586513
5645500
5653010
5774899
5609924
5513623
5608739
5596603
5590540
5532837
5591552
5587259
5587259
5583891
5677662
5499341
5513503
5704827
5513503
5499341
5560301
5556888
5729962
5556888
5730958
5632994
5665134
5593338
5627936
5763597
5624081
5646459
5620209
5673603
5563533
5532837
5608213
5694767
5573836
5654407
5500885
5646459
5552342
5607786
5499341
5602009
5560301
5513623
5645500
5627954
5627954
5577654
5665780
5653010
5596603
5714333
5654407
5499341
5647346
5563533
5500885
5685275
5558053
5500885
5513503
5589821
5499341
5723046
5602009
5696575
5646459
5664657
5568606
5665134
5646459
5707017
5654407
5696575
5658778
5635337
5570911
5654407
5513503
5628715
5731951
5513503
5616807
5624867
5583663
5570911
5624428
5686064
5513503
5569037
5715200
5588512
5590540
5593338
5513623
5650850
5594028
5583663
5646459
5499341
5563533
5500885
5513503
5500885
5568606
5654407
5650122
5513503
5629449
5598263
5587259
5689360
5660189
5513623
5499341
5589821
5500885
5569605
5563533
5665134
5738016
5532837
5662055
5569605
5657225
5602884
5683817
5513623
5500885
5586488
5667028
5658334
5513503
5620939
5700494
5609054
5704507
5615098
5632298
5725180
5628715
5499341
5499341
5499341
5634843
5666578
5636147
5627954
5629017
5629289
5499341
5500885
5629017
5647115
5694294
5667028
5575057
5575057
5611141
5575057
5627954
5627954
5730415
5647115
5500885
5532837
5684082
5569037
5500885
5738016
5559793
5513623
5569605
5513623
5780151
5500885
5645500
5589821
5728175
5575057
5598263
5768030
5499341
5559793
5573836
5598200
5500885
5605124
5651382
5513623
5513623
5499341
5570373
5645500
5561721
5623173
5513623
5723046
5620939
5653787
5650850
5664657
5633576
5569037
5556888
5630052
5568606
5662055
5566936
5694294
5591365
5583777
5729859
5608213
5513623
5638814
5615098
5725300
5688046
5598263
5687516
5532837
5624032
5499341
5532837
5682613
5513503
5590676
5725300
5583777
5617913
5532837
5629449
5513623
5654485
5624867
5589821
5731951
5500885
5730415
5599706
5701984
5599375
5532837
5513623
5513623
5499341
5532837
5513623
5729859
5718322
5550936
5532837
5513623
5615098
5632001
5623078
5716403
5576271
5499341
5662377
5499341
5559383
5552515
5563495
5667028
5583777
5677839
5673603
5500885
5611141
5673603
5730415
5500885
5754211
5569464
5624428
5735529
5612349
5729962
5513503
5629449
5560301
5499341
5620209
5583663
5513503
5658334
5500885
5650122
5532837
5500885
5559793
5580551
5666578
5667028
5556888
5720288
5582575
5649284
5561721
5559793
5589821
5750344
5513503
5532837
5718322
5694294
5667028
5623078
5646459
5499341
5499341
5690122
5500885
5552515
5596978
5654407
5556713
5673326
5500885
5628119
5654221
5663189
5729303
5532837
5499341
5616807
5575057
5499341
5591552
5513623
5513623
5673603
5499341
5563495
5513503
5641259
5638271
5641325
5674937
5582575
5568606
5513623
5500885
5656490
5570911
5729859
5513623
5513503
5657995
5615098
5623078
5593481
5646459
5623078
5499341
5674937
5513623
5682608
5599706
5642318
5532837
5563495
5725300
5694852
5513623
5648429
5612527
5667028
5602595
5650122
5729859
5625297
5583777
5729859
5589821
5556881
5589821
5563533
5500885
5701984
5648429
5569605
5696830
5633673
5653657
5563495
5586684
5620939
5499341
5677839
5589821
5609924
5624428
5500885
5599706
5673603
5513623
5580551
5720637
5500885
5499341
5731951
5566212
5636615
5583891
5532837
5499341
5664657
5669100
5500885
5596603
5680443
5500885
5667028
5758126
5598263
5665785
5499341
5560935
5667028
5607403
5513623
5499341
5513503
5569472
5596603
5513623
5567703
5607403
5669796
5627954
5585760
5563533
5499341
5513503
5711707
5500885
5608210
5612349
5647346
5608213
5620939
5645500
5583891
5638271
5619371
5532837
5662377
5513503
5500885
5607800
5611644
5646459
5673603
5500885
5689507
5500885
5513503
5653404
5513503
5666987
5667028
5500885
5654407
5647115
5566212
5569037
5654221
5513503
5608739
5560301
5513503
5583891
5500885
5583663
5620939
5696478
5532837
5599706
5532837
5499341
5615098
5637894
5685560
5513623
5647075
5513503
5559793
5579639
5513503
5711256
5590540
5569464
5714333
5653787
5569037
5654407
5500885
5573836
5560935
5610818
5623078
5600451
5730415
5660189
5639488
5499341
5583777
5513623
5646459
5513623
5653010
5563495
5728745
5696478
5589821
5583891
5582575
5513503
5574943
5629449
5684467
5759716
5513503
5532837
5638814
5730415
5513503
5628715
5669100
5513623
5650850
5669100
5560301
5563533
5596387
5499341
5612349
5513503
5596603
5636147
5513623
5513623
5701984
5629449
5513623
5735179
5583663
5532837
5620939
5638271
5607403
5583663
5500885
5729859
5627954
5627954
5568606
5645500
5499341
5500885
5639488
5532837
5596387
5513503
5569605
5629017
5532837
5513503
5647985
5701984
5608739
5646459
5579223
5587096
5513503
5500885
5575057
5586890
5598263
5725300
5500885
5725300
5500885
5705359
5500885
5623173
5499341
5583663
5586684
5594712
5552342
5500885
5676213
5589246
5560301
5589821
5729859
5513623
5706154
5552342
5731613
5693836
5709328
5566212
5639351
5569037
5667028
5560301
5629017
5701984
5500885
5625297
5729859
5653787
5569605
5583663
5500885
5499341
5598263
5647386
5662377
5587259
5532837
5673603
5607403
5729859
5569037
5612527
5631691
5513623
5731951
5532837
5579639
5653787
5587259
5583777
5723046
5532837
5569464
5607403
5500885
5513623
5654407
5513503
5586890
5654407
5693833
5646459
5705532
5575077
5645174
5667028
5673603
5499341
5742308
5513503
5513503
5513623
5752924
5513623
5569605
5625297
5569037
5603726
5500885
5559793
5569605
5513623
5569605
5666578
5615691
5646459
5615098
5615098
5595617
5561721
5615098
5575077
5575057
5729859
5629289
5513623
5500885
5532837
5563533
5513623
5583663
5725300
5849451
5513503
5645500
5729859
5499341
5657949
5532837
5695019
5657759
5627954
5566936
5672637
5499341
5500885
5725300
5593338
5557267
5513623
5499341
5500885
5573836
5532837
5609054
5532837
5552342
5593338
5692355
5556713
5569037
5606341
5499341
5499341
5513503
5651589
5701984
5560935
5711686
5623701
5629449
5513503
5691972
5630052
5638660
5647115
5603726
5513623
5577654
5513503
5623222
5532837
5697103
5513623
5645174
5570373
5513623
5499341
5718322
5730415
5513503
5573836
5711707
5646459
5630256
5602009
5629017
5646610
5513623
5731951
5618221
5720191
5499341
5500885
5575057
5589821
5623222
5589821
5552342
5634173
5499341
5561721
5848454
5499341
5623222
5729859
5558053
5633576
5620939
5587259
5575077
5669100
5556713
5500885
5657264
5654338
5583663
5500885
5641259
5583663
5665146
5586513
5559793
5499341
5513503
5627818
5667028
5579639
5500885
5513503
5696478
5654407
5566936
5610818
5730415
5608691
5607800
5725300
5848454
5582575
5700494
5650122
5556888
5513623
5559793
5532837
5513623
5729962
5738016
5513623
5702282
5499341
5569605
5730415
5559383
5660189
5774899
5710072
5556888
5729994
5499341
5513623
5725180
5598263
5575077
5655716
5500885
5695182
5577654
5631809
5648429
5634649
5579223
5731089
5589821
5752058
5513503
5583663
5636147
5647115
5590540
5532837
5552342
5583777
5636147
5615098
5499341
5655278
5532837
5513623
5499341
5569605
5569605
5641056
5596603
5500885
5607936
5674937
5598263
5630052
5615098
5595617
5566212
5499341
5500885
5673603
5499341
5500885
5719892
5513623
5700494
5602009
5612459
5711256
5598263
5633292
5615098
5681914
5583891
5705964
5500885
5725300
5752058
5513623
5561721
5647115
5729859
5683458
5620939
5665134
5625297
5552342
5560935
5596978
5718322
5560301
5513623
5725300
5575057
5513623
5627874
5704982
5579022
5643928
5532837
5577654
5594712
5563533
5569037
5569605
5499341
5718322
5560301
5636005
5730415
5583663
5615691
5583891
5667028
5618221
5557267
5602884
5883274
5500885
5635337
5500885
5589821
5574579
5499341
5583777
5627936
5513503
5654407
5703127
5574743
5513623
5624428
5624428
5589246
5513623
5583777
5532837
5837767
5598263
5694294
5646459
5500885
5559793
5500885
5696575
5615098
5499341
5532837
5681418
5499341
5569605
5634649
5627874
5499341
5713109
5643543
5499341
5729994
5596603
5590540
5587259
5500885
5610818
5623173
5730415
5583777
5500885
5636615
5575077
5556888
5583891
5769570
5552342
5646459
5513503
5725300
5628693
5590676
5569464
5500885
5654407
5556888
5609054
5598263
5653787
5615701
5645080
5569037
5612933
5499341
5513623
5730415
5806227
5615098
5623078
5607936
5499341
5646938
5742488
5499341
5569605
5643928
5729859
5654485
5701984
5532837
5513623
5645500
5568606
5598263
5646459
5583663
5560301
5574943
5632994
5650128
5513623
5568606
5513623
5598263
5697531
5627874
5615098
5532837
5513623
5499341
5723093
5532837
5689525
5729859
5638814
5499341
5500885
5646459
5513623
5654407
5849451
5566936
5499341
5559755
5696830
5674055
5566936
5615098
5513503
5579639
5513503
5589821
5665146
5594712
5499341
5513623
5687058
5552342
5499341
5692946
5569037
5513623
5603726
5627954
5513623
5583663
5646459
5598263
5594051
5500885
5646459
5713109
5623222
5734261
5579223
5602884
5667231
5620209
5646459
5646459
5598263
5587259
5620209
5500885
5513623
5556888
5513623
5616807
5630256
5646459
5582575
5632994
5513623
5569037
5532837
5532837
5589821
5615098
5598263
5560935
5657264
5500885
5628715
5738016
5684468
5532837
5627936
5500885
5612967
5602009
5552342
5590540
5598263
5569037
5739341
5499341
5589246
5500885
5583777
5731951
5706754
5559383
5580551
5532837
5711707
5513503
5738016
5609054
5644452
5729859
5630045
5563533
5499341
5646459
5647115
5552342
5665848
5500885
5513623
5500885
5660189
5575077
5615579
5561721
5653657
5500885
5574579
5559793
5625297
5575057
5569605
5725300
5500885
5575057
5681237
5586684
5499341
5513503
5583891
5629017
5711707
5729859
5699200
5575077
5500885
5715790
5673603
5590540
5590540
5500885
6109913
5607786
5598263
5582575
5583663
5627954
5667028
5593481
5590676
5532837
5699923
5654407
5560301
5689525
5591365
5589246
5602884
5499341
5673853
5591552
5513503
5569472
5688046
5559793
5608213
5651589
5740279
5569605
5669100
5513623
5575057
5500885
5667028
5532837
5499341
5646459
5725180
5500885
5660189
5654407
5513503
5513623
5774899
5569037
5582575
5602009
5500885
5589821
5560935
5738016
5513503
5500885
5729859
5670190
5645500
5513623
5624428
5513623
5570965
5583777
5589821
5580551
5704440
5513503
5618221
5649284
5500885
5566936
5620209
5654407
5667028
5532837
5725246
5563495
5513503
5499341
5559793
5500885
5725300
5702172
5731951
5599706
5569464
5558053
5513623
5577654
5586488
5587259
5738270
5629279
5624428
5569037
5729859
5561721
5579223
5513503
5636005
5561721
5575057
5627874
5632994
5594051
5573836
5513623
5513623
5603609
5574743
5602884
5556888
5500885
5556713
5665134
5730415
5582575
5583663
5654407
5550936
5532837
5623078
5611141
5729859
5648429
5731951
5532837
5721785
5552342
5641266
5513623
5731951
5499341
5513623
5569037
5566936
5615579
5654407
5586684
5598263
5513503
5575057
5586890
5679321
5627874
5532837
5634843
5773064
5500885
5615098
5636647
5513623
5608739
5594051
5532837
5725180
5624428
5650128
5513503
5697103
5599159
5615098
5579223
5629449
5598263
5499341
5628119
5569037
5579639
5575077
5500885
5569605
5701077
5611141
5568606
5602009
5583663
5513623
5499341
5615579
5623078
5566212
5500885
5552342
5658334
5631358
5560301
5499341
5703115
5583663
5602009
5607403
5720637
5596603
5612459
5569605
5713109
5587259
5587259
5596603
5662377
5598263
5513503
5657264
5499341
5552342
5674937
5709743
5627936
5669909
5587259
5574579
5683817
5561721
5559793
5676463
5681742
5645500
5647115
5647115
5646459
5574743
5574579
5590540
5620939
5513503
5610432
5563533
5499341
5587096
5513623
5513503
5513623
5500885
5662377
5665848
5513623
5563533
5718322
5583891
5607800
5513623
5674055
5563533
5598263
5596387
5513503
5725300
5582575
5696575
5598263
5532837
5607013
5653787
5583891
5655716
5556713
5586684
5556888
5729303
5513503
5618221
5696830
5583663
5513623
5598263
5556888
5660189
5556713
5583891
5725300
5706223
5513623
5673451
5725180
5669100
5754949
5513503
5513503
5608739
5729859
5499341
5629017
5634173
5513503
5738016
5500885
5650850
5499341
5725180
5552342
5653010
5532837
5499341
5629612
5662377
5596603
5627936
5499341
5698814
5563495
5568606
5602595
5645024
5499341
5634173
5629449
5570965
5599706
5569464
5662324
5513623
5615098
5594712
5615098
5645500
5513623
5499341
5558053
5612527
5513503
5589565
5583891
5513503
5625722
5629449
5630052
5500885
5599159
5677662
5499341
5573836
5532837
5583777
5560301
5596603
5607403
5513623
5627874
5618221
5620209
5566936
5598263
5513503
5500885
5500885
5513503
5607013
5513623
5559755
5615098
5499341
5709328
5513623
5752058
5513623
5615098
5563533
5618221
5589821
5615098
5591552
5513623
5615261
5532837
5754211
5500885
5666578
5611644
5596017
5570373
5634843
5728175
5588173
5684468
5636147
5513503
5730415
5609054
5711707
5680443
5672912
5629394
5627954
5903055
5577654
5729859
5660189
5513623
5627874
5513623
5500885
5500885
5532837
5500885
5582575
5677636
5615098
5599706
5667028
5500885
5624804
5499341
5642318
5725300
5606364
5583777
5699658
5735529
5513623
5650128
5499341
5673603
5513623
5567703
5499341
5532837
5654407
5608213
5737544
5499341
5631358
5646459
5587259
5641056
5653404
5586890
5672637
5714333
5557267
5607403
5641056
5499341
5625297
5499341
5499341
5568606
5589565
5645024
5684351
5648429
5709888
5513623
5500885
5624804
5513503
5575077
5738270
5653010
5579807
5630052
5598263
5654407
5731951
5599706
5499341
5602884
5585760
5513623
5589246
5732748
5645500
5590676
5627936
5575057
5684468
5624428
5513503
5591365
5563533
5603609
5805818
5627856
5532837
5569037
5513623
5586488
5667028
5499341
5499341
5563533
5617913
5636005
5598263
5499341
5550936
5575077
5499341
5573836
5500885
5569037
5570373
5499341
5588173
5589821
5499341
5660189
5631358
5583891
5654407
5513623
5513503
5616807
5667028
5701984
5627954
5499341
5666987
5513623
5579022
5636147
5638271
5657225
5579639
5513623
5646459
5499341
5580551
5645500
5513503
5607936
5513503
5612967
5513623
5571697
5612459
5647346
5590793
5624428
5623173
5513503
5574579
5513503
5513623
5559793
5602884
5583663
5500885
5629289
5598263
5513623
5513503
5568606
5500885
5499341
5628693
5499341
5513623
5532837
5704464
5641325
5653787
5620209
5609054
5513623
5583891
5500885
5611644
5632994
5694294
