8628036
9616530
9151902
10763665
11448908
9804486
11314638
8530584
8815378
8568378
9247650
10350233
9532161
10883475
9600887
9622554
11173391
10786091
12129163
10407920
9259195
9577037
9382593
9621751
9197383
10895499
8952777
10208679
9811303
9729538
10072190
9379710
10232677
10180188
11025453
10502535
11177820
9854459
8699481
10661160
10775706
10076567
10217833
9219601
8643825
10066464
9844168
8651353
8248579
11208299
9868585
10250621
9308013
9769949
9814306
9533625
10731882
10237131
10360214
9247338
8667857
9086782
9083146
10285411
9861031
10733582
9420454
9970380
10380263
9160154
9862088
9649894
9695570
9638452
9365565
9103143
9935494
8901471
10154995
9164879
11420719
9383982
9460777
11760640
10388767
8477855
10861599
10582294
9337910
8735752
9775207
10494235
9492478
10683366
11303335
9647053
10024535
9214927
8901919
9482056
9653237
11095192
10850040
10410899
9911333
9952325
8783885
9554572
11392271
10696169
8993330
10860080
10051022
10775279
8866120
10839506
9038966
9072109
9342401
11296715
9233611
11438920
11760060
10801168
10638877
10830042
10274700
9916757
11186815
9323220
10517226
10297967
10285045
8862031
10065920
10031912
10324871
11897793
9074571
10981217
9177534
10902008
10081129
10374127
10816093
9330905
12157159
10362577
11047564
9347561
10795519
9588525
9811605
9837770
9115693
10206772
8586933
10737709
9764581
9010309
9230290
10956556
9733051
9806570
11431628
8664566
7894066
11844699
9024646
9146433
8626888
10707948
8666515
11896190
10061201
10532543
10582696
8811292
11196597
11056402
10418733
10830696
10703773
8851495
8986226
11349677
11166884
9494194
10366163
10843393
10407769
11046433
8422367
10954344
9139628
9785237
11863065
10701887
9376535
10294137
10602369
9966807
9366801
9906224
8614473
9944096
9201401
9504233
10034457
9980718
9841797
10559058
10577552
10821067
9421589
10297887
9810179
10032951
9381243
9224553
10123779
9527091
10724102
9965577
8920718
10565215
10307876
10392980
10648627
8755112
10672990
9665280
10168970
9892068
9542780
11607892
9897830
9588923
10874138
11783124
10126805
9272643
8763853
11568604
11060234
10473974
11194179
9478444
11087087
10336353
10431822
9925163
11209409
10469761
9397043
9840065
10739530
10746188
9336401
9759881
10102862
11289016
10183156
10036397
9330485
9276044
10145503
9178343
10072121
11893343
9390798
9648353
11874915
9813185
9288473
10049216
8790366
10388099
10657817
9072612
10231465
9429251
9157661
12154669
9774433
10474536
10892837
11662880
8340599
10102296
10058727
9311227
10644093
10078401
8895517
9808713
11383579
8564396
11156357
8789835
9529775
9277256
10890597
10003559
8003362
10097755
9078457
9016375
10620974
10786257
10541553
9987316
12179260
10823390
11275748
9735755
9899709
10242316
11474543
8421468
9878856
8853669
12991437
12003250
9302637
10319998
9009731
8958582
10570211
10428349
9390526
9589395
10351640
11643279
9725964
8559765
10240262
11134478
10634797
9342222
9259715
9325519
10251859
11140402
11088936
11629863
10214616
10499964
10476954
9912428
10851427
10725733
10164515
9367649
10879302
10992207
9587152
8039833
10711398
9495589
9246935
11344757
8595319
9641587
10255973
10422257
10844390
9194614
10117395
10565531
10213869
8463177
10364642
10312579
9454366
10032604
10506794
10977563
10331784
9419996
8565917
10359446
10765461
10348280
9484583
11078655
10191206
10860410
10249704
9385404
10187864
10932213
10092931
9080675
11591035
11551403
9912887
9369507
8933736
9688865
9420687
10332359
9023890
11210850
9804587
9015333
9443484
10243084
8777526
9833940
11580297
8695710
10822728
10605581
10162198
11490300
9168593
10966790
9923731
7930485
9782030
9452797
9077538
10856736
9797182
9861456
11051217
10382162
9725560
10038352
10030318
9725373
9402729
10550557
10040922
10149445
10805540
9666309
8883945
9276255
8534760
8577423
9254278
10400983
10890642
9610629
9381925
10052375
10727518
9575045
8982183
8771303
10928990
12783772
10550164
9774576
11085086
8426672
10718986
10309773
9307045
9633955
9255447
9775464
9727527
10930285
10521860
10368846
10363824
8950629
10914728
10881024
10734390
10876614
10184915
8314266
11128298
10304642
9182508
10734093
9720394
9939660
8443050
9020207
8887676
10089363
8592560
9706384
11250053
10923671
9816918
9384529
8884581
10678715
9058442
10859587
9164053
10271863
10265512
10547228
10159527
9182194
8657950
9817106
10112365
9737518
9240668
9925017
7897909
11027240
10275356
10535063
9794991
9653500
9119849
10298304
10177554
10364676
10129438
11225621
11715856
8878965
10988629
9831673
10233632
10454744
10337237
11926750
9517815
9384682
10799479
10071727
9471203
9670514
10982644
9468598
10441467
10402448
9414417
10225956
8845942
10687501
10569414
9211599
8917965
8607870
11074306
10527410
9168029
10385378
9564779
10851033
11195782
9032331
9029170
9911401
9850784
10595455
10392755
11308025
10875171
10103733
9587393
9602251
9479442
9515702
9842806
10170491
10029128
11488014
8657351
9644060
9320400
8525528
9093940
8775728
10800584
9766723
10053319
10012841
9913977
10520442
8513608
10789397
9261718
9538436
10832523
11503288
10853146
10135255
10774309
10301496
10307350
9119501
9744637
10664757
11056986
10800821
9467484
9265939
10510503
9270594
9705015
10962229
10352579
8853457
9302426
11205100
8707591
8554070
10437715
8996139
10302919
9803177
9232714
11246603
10190538
9459743
8953307
10580492
9227751
10171607
11198526
10513839
8848979
8818606
9999017
9883740
10608245
9582320
9757923
8738696
8490953
9865753
9335863
11089358
10599215
11443758
9553154
10534539
10203097
10338443
8843863
9304643
9518172
9870574
10021210
10456979
8961722
7983627
10466488
8154043
10057360
8569148
9887601
10344749
10736488
10009093
9591483
9460471
10992746
10243038
10378667
9735154
10400942
9874679
9454748
10940649
9438478
9751446
9777470
10804783
9810006
10905565
10132070
9609464
10955679
9594964
12195459
10845133
9250013
10112831
10504355
10570581
9697880
9240045
8781318
8917369
9969151
9920462
11338007
9866554
9643168
10902336
10060914
10076189
9577710
9349551
8956522
9774495
10356505
10418536
9450287
9499249
10475585
11339285
10633017
9535891
10053382
9470525
11379433
10447365
9728232
9600035
11546074
8483109
8426212
8220269
9611530
9736359
8411472
11955464
10912722
10996152
10295874
10683208
10561118
11329863
10011998
10391445
10335683
11147979
10192812
9180659
10229811
10043252
8941290
9203919
9969320
10541887
10101347
10494896
9498095
9783736
10063301
10855077
9252026
10843966
10590960
8797619
9939985
9068132
8747432
9981610
11822971
9807644
10191233
11698904
10590824
10213584
9215499
10617909
9421504
10796274
9590007
9193368
11493299
10686969
9613681
11524971
10002700
8142143
10308634
11086230
8794801
10641781
9397015
10536787
10668356
9864873
10133458
9355122
8655084
10667853
10046026
9851684
10690420
10186555
9281950
10145834
12694883
8727394
9281782
9487614
9007546
9786204
9861862
10655643
10076733
10597663
9470504
8434200
9624511
10854152
9276726
10046836
9097044
9845077
10386541
10503007
10004842
10006655
10000756
10730384
9917632
10345468
8881707
10604995
9270284
10543363
9378408
10257592
9155208
9822322
10293884
11187598
10474762
8849966
9346356
10789292
9528488
12184449
9456096
11584073
11169852
9238706
9428693
11523781
8731880
10921397
8916995
10739720
11163084
10553254
7655103
9706143
11159421
9537295
10066506
11224821
9483160
10473100
10945590
10325587
9774727
9070821
11670577
10150019
10096298
11613030
9893516
10912170
10979637
11211877
11786551
9282780
9569464
8887691
9882086
9390064
8725824
9713781
11540894
9955037
9620562
10130646
9481495
9581433
10158531
8824104
9391562
9896392
9969521
8333664
10393282
9624319
11143513
10865692
9382484
10252256
10328232
10238138
9482370
9036855
10398936
9864008
9793580
10217210
10291687
11311924
9092057
9304136
9899223
11065092
11595252
9868048
11071986
9926496
10570305
10949112
10252112
10626671
9043113
9064669
9160759
10212260
8944344
10628873
11405827
9697051
10035403
10594078
9119676
10683010
10090164
9492143
11360939
10587706
10330490
10691744
10209175
10404773
9896091
9567405
9711064
10818326
11160816
9935316
9472908
9179073
11006386
11167470
10834150
9751651
9489369
10352072
10072689
11098539
10268710
10853191
9498685
11047218
9688830
9745149
11612530
9872498
10595392
10457464
9821050
10074044
10125161
10618306
11453209
9566246
10917697
9718179
9140076
8964749
9652092
10804306
10506436
9793280
8310306
11078147
7975089
10184263
11005295
9695270
9480558
10579175
10260013
10406949
9444311
10706278
9904140
10492081
8902184
9615319
9408507
9398169
8697582
10856811
10721850
10497855
10271963
10655289
10937906
9347058
8904947
10601000
9328470
10138735
11038617
10033375
10839762
9595095
9979378
11303926
8711303
11469142
11200384
11078841
10021482
10965101
10774578
10546609
10880133
10873421
9284191
9581901
10510414
10177923
10631419
10133174
9438110
10512899
12198746
9117301
10922479
10423472
10182364
8751322
8977629
10230970
9592964
10952683
11171147
9792305
11050504
9721811
11313328
9275831
8563509
10677482
9621906
10887024
9958880
10197806
10700993
9181804
9557911
10400644
9470974
11172704
9197286
10566530
10942573
9677655
9117019
9598597
10274627
9974820
10642897
12485577
10794030
9761472
10617683
9503717
9831775
10939196
8900537
10313640
8660771
10098310
8645149
8694682
9047079
9376892
10492327
10106723
10595155
10527315
12304112
9698735
10978807
10991652
10427047
8132190
9764407
11195514
9029942
9227763
9172625
10791314
9247569
11136488
11595421
10565498
11203205
10723258
10266995
9773626
9347773
10866220
10467465
10323585
10272034
10297115
9832037
9691829
9028618
8779523
9070974
8851762
9590780
11526555
10090035
10347335
9013199
10618343
10563307
7706756
10563375
9448736
8644065
9984277
7826245
8777816
9374241
10208763
8956944
11305807
10773799
9962902
10999491
10060615
10370872
9302650
9617988
10855988
11320668
9114703
10017242
10925551
8334934
8768052
9050861
11332248
8864555
11714343
9961038
9910870
10738367
11950127
9697227
8799803
9669653
11018711
10777363
12213781
10548989
9150826
9997086
9990203
9155244
10052264
9676774
9911735
9257159
10710483
9517842
10535932
9971542
9552220
8368351
9590149
10064433
9980936
9079647
9187092
10954152
11367753
11719807
9729909
9582286
10370178
9068214
10043131
8841561
8886346
8962944
9402380
10183081
9903315
9675536
10371526
10188666
10667686
9431789
9470646
10287332
9706155
9203873
9759609
9176604
11313885
11155798
9619320
10115256
9039402
9829628
10986396
9846304
11033991
10228204
11682558
11295915
9102406
10575479
10959877
10655850
10682874
9720994
9886737
9528196
9723794
9129069
9884125
9918249
10495557
11137767
10795440
10529683
11567745
8519622
9570046
10426445
9695294
10387521
10396244
10853068
11759734
10083136
10414916
9191519
8630478
11245092
9325137
10416235
9385062
11152709
10516530
9963274
8573831
9070978
9939689
9029482
10121480
10934849
10807141
10190873
9504498
12011976
9275974
10638449
10830892
11170024
10324611
9092391
9750162
10209095
11000990
8719827
10409930
10382514
9408452
12208923
10190702
10431254
10198593
8048220
10123429
12496832
9640174
7987455
10426600
10808589
9615726
10417376
11098602
10743784
11025751
9371169
9897511
10801654
11029760
9691755
10478593
8975938
11054026
9961906
10308446
10810555
10280372
9922304
9348782
8414305
11374993
8164903
10555628
9614335
10687844
10083885
9899664
10184931
10419131
9506160
10681797
9937324
11320706
9892976
10443794
9776388
9965578
10600293
10074680
10050423
9869630
10303020
9690191
8511326
10447578
11749331
10307576
8159753
10185939
10558419
10776151
9734386
9576303
10582799
9389319
10602614
10375115
10702986
8850429
11104986
10859478
11374383
10980364
10517779
8767200
10788507
9545813
9635284
10548112
10894952
10361421
9872494
10449625
9298752
9211606
9921856
10860336
10525213
9485942
10789106
10703286
10400091
9630771
9443153
9847835
10586958
9348613
9818219
10401354
12764892
9507607
11443715
9811609
10385384
11336801
10631539
8363594
9634826
8331944
11170776
8419960
10920090
9544819
10299471
11381044
10508218
10416780
11159351
9662701
10366513
10738419
9531946
8579197
10724154
9173284
9132795
10370068
9108779
10069308
8972325
9096671
12041777
10557073
10859493
9722769
10020428
10453202
10876623
10231735
11951117
10677465
9665660
9866275
9393917
9070297
8456738
8886689
10046179
8540773
9143745
9697218
12148205
9752678
12334973
10646994
9521766
10344302
9906174
11501955
11598941
9743045
10758166
9785687
10235071
9907287
11732017
10362001
9729932
9753984
9249470
11971640
10298480
10578123
10714695
9240992
11895779
11167008
9667719
10882493
8961916
8645829
8761747
10735903
9659682
9909333
9750742
9704581
10089681
10216043
11310278
12280942
9668520
10938199
9752564
8601347
11845972
10349080
10339271
9005384
9941793
10812148
9789877
9616151
10897417
9529511
11342967
9976727
10462053
9071764
9331499
8797696
9181077
8999401
10767183
10844730
10227715
9506344
